rf 0.605239692164254 48.579 0.645 334.617 846.434999999999 8.33999999999999
glmnet 0.623027352602909 1.61500000000001 0.141 7.11099999999988 245.125 3.92
gbm 0.629306982438651 1.785 0.18 15.29 34.8600000000006 1.617
glm 0.61745762903244 1.673 0.244 4.65799999999945 17.0939999999991 1.21599999999999
LogitBoost 0.598767824303952 1.86500000000001 0.447000000000001 6.65700000000015 9.1830000000009 1.70800000000001
svmLinear 0.623205272759827 17.458 0.298999999999999 24.9480000000003 14.7960000000003 1.19399999999999
svmPoly 0.632897969322887 19.006 0.436 294.693 725.379999999999 19.509
svmRadial 0.621767877910963 11.292 0.526 46.8560000000007 327.159 11.249
svmRadialCost 0.62733324622827 11.653 0.492000000000001 48.2349999999997 114.640000000001 6.96300000000001
svmRadialWeights 0.624281866313577 11.538 0.52 115.800999999999 294.875 14.272
rpart 0.587643017642001 3.22900000000001 0.191000000000001 4.40700000000015 92.1489999999994 4.88300000000001
knn 0.592499310382082 0.717000000000013 0.112 24.8360000000002 58.8119999999999 0.85299999999998
treebag 0.608296273355045 10.406 0.529999999999999 35.4749999999995 62.6980000000003 3.386
bagFDA 0.625003347092707 62.442 2.604 546.303 1188.977 36.575
LogitBoost 0.598779432525631 1.93000000000001 0.524000000000001 6.97100000000046 437.262000000001 14.879
rpartCost 0.542744067580625 3.08999999999997 0.370999999999999 4.99099999999999 6.3690000000006 1.66
gcvEarth 0.627874910676984 2.87299999999999 0.173000000000002 8.44500000000062 10.1649999999991 0.844999999999999
nb NaN 0.970000000000027 0.163999999999998 52.9299999999994 40.1229999999996 1.23500000000001
pam 0.630025963341528 1.37399999999997 0.274000000000001 2.26100000000042 51.241 1.19499999999999
partDSA 0.586745865147894 17.257 1.411 56.7809999999999 62.9450000000015 4.53399999999999
kernelpls 0.630565650602235 0.864000000000033 0.135999999999999 1.61399999999958 34.7049999999999 2.422
pls 0.62895388432125 0.83499999999998 0.140999999999998 1.53399999999965 1.01399999999921 0.490000000000009
simpls 0.629671371953137 0.836000000000013 0.133000000000003 1.52700000000004 1.03399999999965 0.509999999999991
widekernelpls 0.631282815622777 0.841999999999985 0.139000000000003 1.53300000000036 1.04200000000128 0.51600000000002
pda 0.633132830382246 0.908000000000015 0.148 3.02199999999993 2.83199999999852 0.776999999999987
pda2 0.622305025800842 1.06299999999999 0.151999999999997 3.52099999999973 6.31900000000132 1.208
PenalizedLDA 0.662780269058296 0.949000000000012 0.167000000000002 2.21599999999944 4.18099999999868 0.867999999999995
xgbLinear 0.606866009084924 1.416 0.155999999999999 45.8020000000006 121.666000000001 2.25900000000001
