  2
 52
103
0.6029062
0.6052397
0.6036224
0.1818628
0.2062531
0.2029919
0.10
0.10
0.10
0.55
0.55
0.55
1.00
1.00
1.00
0.0002546429
0.0025464286
0.0254642859
0.0002546429
0.0025464286
0.0254642859
0.0002546429
0.0025464286
0.0254642859
0.6208742
0.6206944
0.6212336
0.6201560
0.6214148
0.6230274
0.6208741
0.6205150
0.6212322
0.2356932
0.2352466
0.2346001
0.2343099
0.2359814
0.2337940
0.2357297
0.2336959
0.2295497
1
1
1
2
2
2
3
3
3
 50
100
150
 50
100
150
 50
100
150
0.6289445
0.6275113
0.6203265
0.6293070
0.6228410
0.6181704
0.6246356
0.6219418
0.6178086
0.2471718
0.2472012
0.2347936
0.2517642
0.2405348
0.2311524
0.2434143
0.2398404
0.2315534
0.6174576
0.2287944
11
21
31
0.5928379
0.5928379
0.5987678
0.1702366
0.1702366
0.1919085
0.6232053
0.240464
1
1
1
1
1
1
1
1
1
2
2
2
2
2
2
2
2
2
3
3
3
3
3
3
3
3
3
0.001
0.001
0.001
0.010
0.010
0.010
0.100
0.100
0.100
0.001
0.001
0.001
0.010
0.010
0.010
0.100
0.100
0.100
0.001
0.001
0.001
0.010
0.010
0.010
0.100
0.100
0.100
0.25
0.50
1.00
0.25
0.50
1.00
0.25
0.50
1.00
0.25
0.50
1.00
0.25
0.50
1.00
0.25
0.50
1.00
0.25
0.50
1.00
0.25
0.50
1.00
0.25
0.50
1.00
0.5299929
0.5844096
0.6232008
0.6255374
0.6273332
0.6260765
0.6253561
0.6258933
0.6239165
0.5847687
0.6233805
0.6266143
0.6298482
0.6287689
0.6280491
0.6328980
0.6219427
0.6172728
0.6178125
0.6248180
0.6260764
0.6296669
0.6296649
0.6318203
0.6215835
0.6167345
0.6014672
0.0000000
0.1311561
0.2304142
0.2394830
0.2458322
0.2440253
0.2428313
0.2443642
0.2408362
0.1319879
0.2307636
0.2402667
0.2505262
0.2488054
0.2470876
0.2544661
0.2344560
0.2268369
0.2160997
0.2354836
0.2415581
0.2498360
0.2495116
0.2527578
0.2352674
0.2270930
0.1974150
0.25
0.50
1.00
0.6194338
0.6217679
0.6197927
0.2282389
0.2348692
0.2311516
0.25
0.50
1.00
0.6251784
0.6273332
0.6197903
0.2390582
0.2453137
0.2314568
0.25
0.25
0.25
0.50
0.50
0.50
1.00
1.00
1.00
1
2
3
1
2
3
1
2
3
0.6197934
0.5299929
0.5299929
0.6242819
0.5307116
0.5301726
0.6233848
0.5326883
0.5308913
0.2287782365
0.0000000000
0.0000000000
0.2395068206
0.0016209710
0.0004053827
0.2379904800
0.0062490576
0.0020259806
0.05082155
0.05158579
0.08597631
0.5876430
0.5741733
0.5486690
0.16094128
0.15736500
0.09363009
5
7
9
0.5772295
0.5844171
0.5924993
0.1501222
0.1646289
0.1812576
0.6082963
0.2136917
 2
 9
16
0.5704004
0.6219489
0.6250033
0.1739029
0.2351190
0.2439168
11
21
31
0.5844039
0.5844039
0.5987794
0.1492443
0.1492443
0.1919025
1
2
3
0.08597631
0.05158579
0.05082155
0.5427441
0.5299929
0.5299929
0.06334107
0.00000000
0.00000000
0.6278749
0.2510037
FALSE
 TRUE
      NaN
0.5173983
       NaN
0.06214604
 0.5725154
 8.3014738
16.0304321
0.6300260
0.5984173
0.5299929
0.2511112
0.1892076
0.0000000
1
2
3
0.5299929
0.5703959
0.5867459
0.0000000
0.1738982
0.1439992
1
2
3
0.6305657
0.6260783
0.6280557
0.2507236
0.2442874
0.2481885
1
2
3
0.6289539
0.6242838
0.6285958
0.2474111
0.2408785
0.2495025
1
2
3
0.6287706
0.6262564
0.6296714
0.2470278
0.2449496
0.2518488
1
2
3
0.6294881
0.6280485
0.6312828
0.2486133
0.2482253
0.2546022
0e+00
1e-04
1e-01
0.6331328
0.6293078
0.6284098
0.2605460
0.2527114
0.2508187
2
4
6
0.5840515
0.6153019
0.6223050
0.1301567
0.2079701
0.2272887
0.000100000
0.003162278
0.100000000
0.6618834
0.6627803
0.6565022
0.3190327
0.3207652
0.3056326
0e+00
0e+00
0e+00
0e+00
0e+00
0e+00
0e+00
0e+00
0e+00
1e-04
1e-04
1e-04
1e-04
1e-04
1e-04
1e-04
1e-04
1e-04
1e-01
1e-01
1e-01
1e-01
1e-01
1e-01
1e-01
1e-01
1e-01
0e+00
0e+00
0e+00
1e-04
1e-04
1e-04
1e-01
1e-01
1e-01
0e+00
0e+00
0e+00
1e-04
1e-04
1e-04
1e-01
1e-01
1e-01
0e+00
0e+00
0e+00
1e-04
1e-04
1e-04
1e-01
1e-01
1e-01
 50
100
150
 50
100
150
 50
100
150
 50
100
150
 50
100
150
 50
100
150
 50
100
150
 50
100
150
 50
100
150
0.6038164
0.5896294
0.5844184
0.6038164
0.5896294
0.5844184
0.6021940
0.5826177
0.5797413
0.6038164
0.5914263
0.5844184
0.6038164
0.5905278
0.5858559
0.6068660
0.5838756
0.5777647
0.5995016
0.5826218
0.5820836
0.5995016
0.5847742
0.5804657
0.6016555
0.5889030
0.5842306
0.2029773
0.1752150
0.1654092
0.2029773
0.1752150
0.1654092
0.1993292
0.1607422
0.1549740
0.2029773
0.1788609
0.1648640
0.2029773
0.1769992
0.1683277
0.2086401
0.1632486
0.1512169
0.1940071
0.1606055
0.1594931
0.1940071
0.1650509
0.1562280
0.1988466
0.1738515
0.1647210
