0e+00
0e+00
0e+00
0e+00
0e+00
0e+00
0e+00
0e+00
0e+00
1e-04
1e-04
1e-04
1e-04
1e-04
1e-04
1e-04
1e-04
1e-04
1e-01
1e-01
1e-01
1e-01
1e-01
1e-01
1e-01
1e-01
1e-01
0e+00
0e+00
0e+00
1e-04
1e-04
1e-04
1e-01
1e-01
1e-01
0e+00
0e+00
0e+00
1e-04
1e-04
1e-04
1e-01
1e-01
1e-01
0e+00
0e+00
0e+00
1e-04
1e-04
1e-04
1e-01
1e-01
1e-01
 50
100
150
 50
100
150
 50
100
150
 50
100
150
 50
100
150
 50
100
150
 50
100
150
 50
100
150
 50
100
150
0.6025591
0.5939363
0.6039260
0.6039979
0.5968243
0.5939466
0.5853649
0.5823947
0.5752004
0.6039979
0.6011100
0.5939466
0.6054368
0.5910689
0.5881912
0.5810483
0.5823947
0.5708839
0.5954162
0.5838849
0.5709455
0.5882220
0.5766906
0.5795889
0.6097122
0.6039466
0.5953340
0.2047651
0.1876102
0.2074758
0.2076260
0.1933488
0.1874797
0.1704836
0.1645637
0.1501908
0.2076260
0.2019505
0.1875426
0.2104880
0.1817909
0.1759540
0.1617991
0.1645291
0.1414622
0.1903594
0.1676022
0.1416910
0.1760207
0.1532247
0.1590476
0.2189015
0.2076757
0.1904771
0.03920305
0.02638082
0.03988840
0.03941513
0.02694037
0.01939407
0.03423142
0.05333100
0.05837314
0.03941513
0.03046600
0.01939407
0.03649853
0.03307789
0.03016813
0.03008600
0.05333100
0.05913482
0.01624423
0.03474122
0.03452950
0.02966740
0.03234974
0.02489322
0.02926998
0.02730165
0.02975120
0.07889951
0.05319435
0.07977338
0.07934220
0.05406336
0.03933394
0.06848517
0.10697581
0.11703223
0.07934220
0.06118032
0.03941659
0.07355014
0.06646529
0.06088552
0.06014012
0.10697563
0.11859521
0.03304500
0.07008406
0.06954350
0.05954389
0.06486498
0.05016489
0.05861174
0.05457493
0.05953469
0e+00
0e+00
0e+00
0e+00
0e+00
0e+00
0e+00
0e+00
0e+00
1e-04
1e-04
1e-04
1e-04
1e-04
1e-04
1e-04
1e-04
1e-04
1e-01
1e-01
1e-01
1e-01
1e-01
1e-01
1e-01
1e-01
1e-01
0e+00
0e+00
0e+00
1e-04
1e-04
1e-04
1e-01
1e-01
1e-01
0e+00
0e+00
0e+00
1e-04
1e-04
1e-04
1e-01
1e-01
1e-01
0e+00
0e+00
0e+00
1e-04
1e-04
1e-04
1e-01
1e-01
1e-01
 50
100
150
 50
100
150
 50
100
150
 50
100
150
 50
100
150
 50
100
150
 50
100
150
 50
100
150
 50
100
150
0.5969445
0.5944414
0.5931863
0.6034608
0.6059636
0.6047089
0.6006998
0.5919304
0.6014489
0.6034608
0.6007070
0.5989508
0.6032102
0.6019536
0.6044598
0.6006998
0.5919304
0.5969392
0.5969483
0.5926788
0.5969357
0.5971986
0.5921757
0.5966838
0.5974414
0.5986939
0.6007020
0.1894507
0.1852251
0.1819710
0.2024638
0.2078292
0.2050539
0.1958512
0.1796587
0.1983140
0.2024638
0.1973760
0.1932686
0.2020350
0.1999126
0.2046401
0.1958512
0.1796587
0.1896733
0.1878751
0.1804443
0.1898054
0.1884072
0.1791081
0.1886537
0.1908982
0.1925190
0.1963838
0.016530849
0.013756316
0.012061901
0.017744849
0.008230913
0.006270443
0.011246493
0.011612047
0.018508034
0.017744849
0.011951092
0.007702149
0.017476486
0.010243066
0.009701380
0.011246493
0.011612047
0.013209237
0.009359666
0.015538678
0.015659838
0.009080981
0.017393573
0.018085815
0.010664249
0.008679747
0.011149799
0.03149799
0.02805918
0.02470885
0.03366622
0.01531525
0.01233319
0.02241580
0.02268496
0.03688349
0.03366622
0.02403755
0.01630330
0.03319303
0.02025681
0.01867361
0.02241580
0.02268496
0.02626971
0.02025244
0.03054094
0.03040392
0.01969940
0.03428095
0.03642476
0.02180204
0.01843540
0.02355969
0e+00
0e+00
0e+00
0e+00
0e+00
0e+00
0e+00
0e+00
0e+00
1e-04
1e-04
1e-04
1e-04
1e-04
1e-04
1e-04
1e-04
1e-04
1e-01
1e-01
1e-01
1e-01
1e-01
1e-01
1e-01
1e-01
1e-01
0e+00
0e+00
0e+00
1e-04
1e-04
1e-04
1e-01
1e-01
1e-01
0e+00
0e+00
0e+00
1e-04
1e-04
1e-04
1e-01
1e-01
1e-01
0e+00
0e+00
0e+00
1e-04
1e-04
1e-04
1e-01
1e-01
1e-01
 50
100
150
 50
100
150
 50
100
150
 50
100
150
 50
100
150
 50
100
150
 50
100
150
 50
100
150
 50
100
150
0.5852918
0.5782093
0.5640040
0.5811469
0.5896982
0.5797384
0.5924950
0.5881690
0.5896177
0.5797384
0.5896982
0.5797384
0.5711469
0.5739839
0.5711268
0.5924950
0.5881690
0.5867606
0.5854326
0.5754930
0.5768410
0.5982093
0.5953722
0.5911670
0.5782495
0.5853320
0.5839437
0.1697675
0.1553681
0.1269725
0.1615580
0.1784931
0.1586491
0.1833764
0.1750780
0.1779937
0.1587702
0.1784931
0.1586491
0.1415182
0.1470016
0.1414934
0.1833764
0.1750103
0.1722106
0.1698470
0.1499853
0.1527007
0.1954350
0.1898318
0.1814369
0.1556180
0.1698866
0.1670702
0.04083723
0.03359842
0.02813490
0.02861732
0.02374976
0.03679918
0.02355958
0.03173989
0.02762540
0.02770279
0.02374976
0.03679918
0.02381199
0.02972923
0.03070661
0.02355958
0.03173989
0.02701517
0.02840181
0.01077084
0.03010633
0.03248270
0.02301339
0.01847281
0.03190130
0.03576974
0.03120777
0.08192303
0.06711434
0.05647023
0.05773404
0.04762473
0.07381406
0.04696736
0.06349147
0.05550065
0.05595050
0.04762473
0.07381406
0.04793502
0.05943610
0.06132988
0.04696736
0.06349674
0.05414557
0.05700748
0.02142727
0.06061426
0.06463184
0.04524428
0.03615801
0.06323640
0.07117810
0.06197163
0.10
0.10
0.10
0.55
0.55
0.55
1.00
1.00
1.00
0.0003475804
0.0034758036
0.0347580363
0.0003475804
0.0034758036
0.0347580363
0.0003475804
0.0034758036
0.0347580363
0.5427761
0.5555927
0.5755319
0.5441945
0.5627254
0.6168490
0.5456130
0.5698278
0.6339311
0.08553473
0.11120664
0.15059919
0.08839147
0.12520733
0.23148246
0.09117381
0.13933041
0.26257279
0.04080679
0.05168486
0.07089531
0.04107358
0.05632205
0.06235059
0.03972537
0.05279252
0.04444252
0.08137116
0.10313340
0.14168090
0.08188663
0.11242109
0.12541939
0.07917088
0.10516823
0.09116366
  2
 99
197
0.5925633
0.6239210
0.6182168
0.1817529
0.2449251
0.2333391
0.04267560
0.01394070
0.02083011
0.08535437
0.02717893
0.04180021
0.25
0.50
1.00
0.5001418
0.5029787
0.4929990
 0.001484019
 0.006309117
-0.013703524
0.05137599
0.04746182
0.04535917
0.10164209
0.09490350
0.09158172
 2
30
59
0.6481763
0.6281763
0.6054103
0.2908242
0.2543544
0.2095382
0.03655923
0.01367670
0.02871749
0.07341978
0.02785524
0.05744430
11
21
31
0.5926342
0.6168592
0.6168389
0.1814721
0.2299452
0.2294286
0.01561836
0.03206368
0.02671730
0.03153597
0.06456828
0.05355433
0e+00
0e+00
0e+00
0e+00
0e+00
0e+00
0e+00
0e+00
0e+00
1e-04
1e-04
1e-04
1e-04
1e-04
1e-04
1e-04
1e-04
1e-04
1e-01
1e-01
1e-01
1e-01
1e-01
1e-01
1e-01
1e-01
1e-01
0e+00
0e+00
0e+00
1e-04
1e-04
1e-04
1e-01
1e-01
1e-01
0e+00
0e+00
0e+00
1e-04
1e-04
1e-04
1e-01
1e-01
1e-01
0e+00
0e+00
0e+00
1e-04
1e-04
1e-04
1e-01
1e-01
1e-01
 50
100
150
 50
100
150
 50
100
150
 50
100
150
 50
100
150
 50
100
150
 50
100
150
 50
100
150
 50
100
150
0.6039712
0.6044696
0.6094778
0.6029696
0.6052240
0.6152416
0.6047259
0.6019593
0.6077202
0.5971980
0.5984442
0.6072121
0.5971980
0.5976945
0.6042077
0.6047259
0.5964474
0.6039649
0.5954515
0.6094819
0.6069734
0.5954515
0.6074743
0.6084825
0.6097259
0.6129734
0.6089712
0.2025086
0.2039542
0.2134536
0.2001128
0.2058514
0.2253841
0.2036879
0.1990071
0.2111367
0.1886170
0.1918739
0.2099584
0.1883468
0.1902087
0.2031920
0.2036879
0.1879607
0.2035692
0.1851482
0.2143226
0.2098450
0.1851482
0.2105541
0.2129904
0.2146489
0.2216835
0.2136023
0.018293588
0.016417486
0.013466039
0.018166325
0.021786424
0.012950519
0.019635761
0.012503188
0.012019493
0.012031242
0.016247763
0.014289912
0.012031242
0.018766062
0.012915896
0.019635761
0.011146970
0.011659442
0.016166172
0.015170352
0.014908705
0.016166172
0.012165781
0.023881711
0.020824852
0.007190439
0.011658519
0.03865216
0.03318351
0.02748104
0.03852778
0.04555345
0.02842320
0.04114413
0.02556163
0.02489344
0.02525394
0.03306713
0.02928201
0.02519838
0.03856276
0.02590760
0.04114413
0.02281230
0.02380138
0.03291852
0.03175339
0.03000973
0.03291852
0.02578683
0.04788706
0.04233206
0.01521111
0.02531151
0.10
0.10
0.10
0.55
0.55
0.55
1.00
1.00
1.00
0.0002434423
0.0024344231
0.0243442312
0.0002434423
0.0024344231
0.0243442312
0.0002434423
0.0024344231
0.0243442312
0.5961914
0.6022061
0.6134752
0.5984464
0.6087206
0.6272459
0.5999496
0.6117268
0.6229934
0.1867697
0.1988868
0.2197639
0.1914465
0.2116297
0.2456106
0.1944256
0.2171550
0.2348952
0.009761141
0.008862891
0.008087322
0.008443802
0.010110666
0.019650661
0.008756897
0.010607210
0.011539797
0.01971930
0.01756665
0.01752747
0.01696764
0.02072602
0.03907123
0.01724373
0.02212826
0.02341449
  2
151
300
0.5939289
0.6272450
0.6212428
0.1526527
0.2512626
0.2392413
0.01674910
0.01472426
0.01091882
0.04021620
0.02830706
0.02099695
0.25
0.50
1.00
0.5298117
0.5308127
0.5303117
-0.001498020
 0.006538807
 0.011280061
0.006570349
0.006545625
0.008982307
0.011314170
0.009314743
0.016231706
