11
21
31
0.6226619
0.6284584
0.6140699
0.2423978
0.2546040
0.2253372
0.03072167
0.05682710
0.05604509
0.06186345
0.11422728
0.11172708
11
21
31
0.6010997
0.5984173
0.6198869
0.1989214
0.1948884
0.2374006
0.03187488
0.07632329
0.05265001
0.06315265
0.15131489
0.10572372
11
21
31
0.6226310
0.6140082
0.6440904
0.2427072
0.2257374
0.2855095
0.04971048
0.04316516
0.04145014
0.09991903
0.08539295
0.08296823
1
2
3
0.28695652
0.02028986
0.01159420
0.5553751
0.5537718
0.5394450
0.10230270
0.11211628
0.08397628
0.06772642
0.01397369
0.00834968
0.14017789
0.02837431
0.01765231
0.6140699
0.2272424
0.03121742
0.06372404
FALSE
 TRUE
0.6110483
0.5811614
0.2201161
0.1560844
0.02758845
0.05574146
0.05500141
0.11510502
0.1516689
2.1991988
4.2467288
0.6141932
0.6471634
0.5050154
0.2278131
0.2901718
0.0000000
0.044838474
0.039137657
0.001942079
0.09025023
0.08055679
0.00000000
1
2
3
0.5050154
0.6470709
0.6470709
0.0000000
0.2900165
0.2900165
0.001942079
0.011266635
0.011266635
0.00000000
0.02347363
0.02347363
1
2
3
0.4834327
0.4791881
0.6039979
-0.03819275
-0.04295089
 0.20742686
0.02648366
0.02207616
0.01830434
0.04895462
0.04464455
0.03604557
1
2
3
0.4835560
0.5479959
0.6025180
-0.03624584
 0.09480619
 0.20458632
0.02269380
0.03846371
0.02825782
0.04569588
0.07729239
0.05657220
1
2
3
0.4863618
0.5221069
0.6097020
-0.03106224
 0.04266787
 0.21871889
0.02572402
0.04924142
0.03672229
0.05052807
0.09876390
0.07339606
1
2
3
0.4878212
0.5136793
0.6141110
-0.03112757
 0.02718370
 0.22787464
0.02355895
0.03247144
0.04060672
0.04360549
0.06462689
0.08090309
0e+00
1e-04
1e-01
0.6025694
0.6025694
0.6039979
0.2044756
0.2044756
0.2073713
0.02861963
0.02861963
0.02679683
0.05732722
0.05732722
0.05360395
2
4
6
0.4748921
0.5338335
0.5783145
-0.05375341
 0.06600817
 0.15537221
0.03322190
0.04871750
0.05169347
0.06338502
0.09596971
0.10281133
0.000100000
0.003162278
0.100000000
0.6355190
0.6369476
0.6311614
0.2707629
0.2736433
0.2614895
0.03978449
0.04209844
0.04410148
0.08006239
0.08472982
0.08864658
  2
 61
120
0.6236125
      NaN
      NaN
0.243639
     NaN
     NaN
0.01515831
        NA
        NA
0.02792031
        NA
        NA
  2
 99
196
0.6197328
0.6498972
0.6470606
0.2375573
0.2977866
0.2918027
0.03693211
0.01785505
0.01976028
0.07358560
0.03538886
0.04001444
0.10
0.10
0.10
0.55
0.55
0.55
1.00
1.00
1.00
0.0003469328
0.0034693283
0.0346932828
0.0003469328
0.0034693283
0.0346932828
0.0003469328
0.0034693283
0.0346932828
0.5581089
0.5696197
0.5896917
0.5595478
0.5796197
0.6327030
0.5609764
0.5867934
0.6384481
0.1162532
0.1390781
0.1788509
0.1191123
0.1588981
0.2633910
0.1219367
0.1732002
0.2733727
0.02561969
0.03500362
0.01641705
0.02395371
0.01954155
0.02074223
0.02451337
0.01818579
0.01304313
0.05149377
0.07046311
0.03347208
0.04818943
0.03929157
0.04148404
0.04923284
0.03657743
0.02604179
1
1
1
2
2
2
3
3
3
 50
100
150
 50
100
150
 50
100
150
0.6298047
0.6297636
0.6068243
0.6226516
0.6025591
0.6068654
0.6096506
0.5924974
0.5895992
0.2571398
0.2581720
0.2125851
0.2441086
0.2045375
0.2133377
0.2178499
0.1846183
0.1789085
0.02853474
0.03052725
0.03265542
0.01257888
0.01177706
0.02642272
0.04193869
0.02204468
0.02540679
0.05635210
0.06101946
0.06498910
0.02523087
0.02337266
0.05244143
0.08366816
0.04364515
0.05131763
