  2
 60
119
0.6081145
0.6149417
0.6187127
0.1991179
0.2258498
0.2329527
0.01099046
0.01294979
0.01091557
0.02183755
0.02391354
0.02056342
0.10
0.10
0.10
0.55
0.55
0.55
1.00
1.00
1.00
0.000241534
0.002415340
0.024153403
0.000241534
0.002415340
0.024153403
0.000241534
0.002415340
0.024153403
0.6187113
0.6169157
0.6240983
0.6183521
0.6221246
0.6212224
0.6183521
0.6237381
0.6257118
0.2336882
0.2300463
0.2444157
0.2330679
0.2407641
0.2396986
0.2331013
0.2443804
0.2489668
0.01041549
0.01063143
0.01182718
0.01069234
0.01067835
0.00977885
0.01069234
0.01149306
0.01397162
0.02093507
0.02132242
0.02380805
0.02136470
0.02134282
0.02058186
0.02136319
0.02308842
0.02824064
1
1
1
2
2
2
3
3
3
 50
100
150
 50
100
150
 50
100
150
0.6228433
0.6235627
0.6239215
0.6219469
0.6199708
0.6223058
0.6242813
0.6226652
0.6206907
0.2433930
0.2448694
0.2458856
0.2409832
0.2369311
0.2414558
0.2451208
0.2420004
0.2373837
0.005330502
0.004601092
0.006885191
0.005145290
0.007734605
0.006866330
0.006899099
0.001597555
0.009046521
0.010552588
0.009393095
0.013718857
0.010634221
0.016104550
0.013439316
0.014011455
0.004160716
0.018781745
0.6011143
0.1967413
0.01102249
0.02253132
 2
 6
11
0.5962640
0.6221286
0.6219477
0.2128274
0.2421340
0.2421622
0.02136982
0.01472902
0.01786175
0.04031876
0.02920923
0.03622189
