  2
152
302
0.5923139
0.6311033
0.6269748
0.1559662
0.2595590
0.2512619
0.10
0.10
0.10
0.55
0.55
0.55
1.00
1.00
1.00
0.0002429633
0.0024296333
0.0242963329
0.0002429633
0.0024296333
0.0242963329
0.0002429633
0.0024296333
0.0242963329
0.6151150
0.6183497
0.6269692
0.6158340
0.6212248
0.6305639
0.6169112
0.6240977
0.6221265
0.2260869
0.2327136
0.2483421
0.2275239
0.2382932
0.2525512
0.2298983
0.2436161
0.2325178
1
1
1
2
2
2
3
3
3
 50
100
150
 50
100
150
 50
100
150
0.6271537
0.6258955
0.6239203
0.6311057
0.6314620
0.6267929
0.6212227
0.6260728
0.6260762
0.2441120
0.2445587
0.2413566
0.2552380
0.2574166
0.2491711
0.2354215
0.2459940
0.2470482
0.6007495
0.201342
0.10
0.10
0.10
0.55
0.55
0.55
1.00
1.00
1.00
0.0002429633
0.0024296333
0.0242963329
0.0002429633
0.0024296333
0.0242963329
0.0002429633
0.0024296333
0.0242963329
0.6070437
0.6084811
0.6212315
0.6070439
0.6163820
0.6282367
0.6079427
0.6179980
0.6221305
0.2098317
0.2126201
0.2369639
0.2098673
0.2279689
0.2477559
0.2116631
0.2310694
0.2329610
1
1
1
3
3
3
5
5
5
0e+00
1e-04
1e-01
0e+00
1e-04
1e-01
0e+00
1e-04
1e-01
0.5337664
0.5314291
0.5588927
0.5317879
0.5303518
0.5822574
      NaN
      NaN
      NaN
0.025466224
0.003895989
0.127111457
0.022530917
0.003061940
0.176647627
        NaN
        NaN
        NaN
11
21
31
0.5838715
0.5779444
0.5871057
0.1535195
0.1655053
0.1773706
0.5887291
0.1845538
1
1
1
1
1
1
1
1
1
2
2
2
2
2
2
2
2
2
3
3
3
3
3
3
3
3
3
0.001
0.001
0.001
0.010
0.010
0.010
0.100
0.100
0.100
0.001
0.001
0.001
0.010
0.010
0.010
0.100
0.100
0.100
0.001
0.001
0.001
0.010
0.010
0.010
0.100
0.100
0.100
0.25
0.50
1.00
0.25
0.50
1.00
0.25
0.50
1.00
0.25
0.50
1.00
0.25
0.50
1.00
0.25
0.50
1.00
0.25
0.50
1.00
0.25
0.50
1.00
0.25
0.50
1.00
0.5429309
0.5801041
0.6109893
0.6226588
0.6255305
0.6005717
0.6093681
0.6055967
0.6052405
0.5989588
0.5901584
0.5937533
0.5806399
0.5725574
0.5781295
0.5535165
0.5520800
0.5481315
0.5704067
0.5723775
0.5687943
0.5619615
0.5583733
0.5605183
0.5511863
0.5389753
0.5461576
0.03369705
0.12423514
0.20022435
0.23232300
0.24471171
0.19441250
0.21345687
0.21133411
0.21509294
0.19949765
0.18654582
0.19198282
0.17102825
0.15700114
0.16772636
0.12479907
0.12213895
0.11590513
0.15029633
0.15256820
0.14337896
0.13953781
0.12664472
0.13770877
0.12094493
0.10137869
0.11307564
0.25
0.50
1.00
0.5328322
0.5355342
0.5357151
0.03458970
0.05356163
0.05842227
0.25
0.50
1.00
0.5258617
0.5186742
0.5179551
-0.003756757
-0.013813651
-0.008028198
0.25
0.25
0.25
0.50
0.50
0.50
1.00
1.00
1.00
1
2
3
1
2
3
1
2
3
0.5418382
0.5296336
0.5299929
0.5402254
0.5299929
0.5301724
0.5414839
0.5384314
0.5328651
 0.0524273519
-0.0005817034
 0.0000000000
 0.0635531413
 0.0011948357
 0.0006813643
 0.0703884098
 0.0237841708
 0.0084507737
0.05082155
0.05158579
0.08597631
0.5853128
0.5853128
0.5353789
0.15600583
0.15600583
0.02959926
5
7
9
0.5129304
0.5150848
0.5082598
0.018696417
0.021714005
0.008418902
FALSE
 TRUE
      NaN
0.5476169
      NaN
0.0775021
5
7
9
0.5107776
0.5064677
0.4944341
 0.013583319
 0.004671892
-0.020419346
FALSE
 TRUE
      NaN
0.5637554
      NaN
0.1001611
