rf 0.631103282409132 190.309 2.246 1164.88 2035.999 13.393
glmnet 0.630563918049109 4.05300000000003 0.181 21.221 860.709 6.977
gbm 0.631462026225076 6.55200000000002 0.361 47.8789999999999 100.967 2.301
glm 0.600749458994879 7.65699999999998 0.332 33.0410000000002 65.0839999999998 2.586
glmnet 0.628236719300708 3.91900000000001 0.163 20.646 59.2560000000003 2.455
nnet NaN 8.02600000000001 0.378 95.51 166.772 4.336
LogitBoost 0.587105708446449 4.43799999999999 0.777 18.4880000000001 78.3139999999999 3.052
svmLinear 0.588729088735864 452.012 6.491 736.781999999999 519.794 5.029
svmPoly 0.625530494030884 25.8399999999999 1.104 3571.856 7783.162 64.738
svmRadial 0.53571505050571 25.224 0.595000000000006 144.053 2853.125 28.039
svmRadialCost 0.525861664269614 26.886 0.918999999999997 157.950000000001 289.259 6.79999999999998
svmRadialWeights 0.541838174923097 28.972 1.2 439.891 1160.177 23.642
rpart 0.585312795895093 10.187 0.427 14.4589999999989 338.187 7.642
rpart 0.585312795895093 10.187 0.427 14.4589999999989 338.187 7.642
rpart 0.585312795895093 10.187 0.427 14.4589999999989 338.187 7.642
knn 0.510777642712608 0.932999999999993 0.163000000000004 246.505000000005 750.241000000002 5.92499999999998
nb NaN 1.54500000000007 0.220999999999997 157.625 320.968999999997 3.25800000000001
