  2
 61
120
0.5824563
0.6354779
0.6211716
0.1637510
0.2690248
0.2401966
0.02585820
0.05437802
0.04978579
0.05048930
0.10870437
0.09962456
0.10
0.10
0.10
0.55
0.55
0.55
1.00
1.00
1.00
0.0003469328
0.0034693283
0.0346932828
0.0003469328
0.0034693283
0.0346932828
0.0003469328
0.0034693283
0.0346932828
0.5911614
0.5997739
0.6213258
0.5926002
0.5997533
0.6456526
0.5983350
0.6026516
0.6399692
0.1817043
0.1989138
0.2417529
0.1845634
0.1988028
0.2889819
0.1960482
0.2046024
0.2760939
0.04268639
0.04091284
0.03654523
0.04183787
0.04208860
0.03156449
0.03955195
0.04086944
0.03054552
0.08550265
0.08190416
0.07347971
0.08386129
0.08429920
0.06341305
0.07920649
0.08191547
0.06303213
1
1
1
2
2
2
3
3
3
 50
100
150
 50
100
150
 50
100
150
0.6370401
0.6126310
0.5996711
0.6183864
0.6197636
0.6097122
0.6083042
0.6025283
0.6010586
0.2715397
0.2236041
0.1978558
0.2349267
0.2382607
0.2185938
0.2153021
0.2045662
0.2017242
0.04760879
0.03586245
0.03004312
0.03611117
0.02930328
0.05087618
0.01912769
0.05854502
0.05471070
0.09568627
0.07174343
0.06013600
0.07259035
0.05854444
0.10173058
0.03853691
0.11711164
0.10969465
0.5925488
0.184717
0.01125409
0.02266691
1
1
1
1
1
1
1
1
1
2
2
2
2
2
2
2
2
2
3
3
3
3
3
3
3
3
3
0.001
0.001
0.001
0.010
0.010
0.010
0.100
0.100
0.100
0.001
0.001
0.001
0.010
0.010
0.010
0.100
0.100
0.100
0.001
0.001
0.001
0.010
0.010
0.010
0.100
0.100
0.100
0.25
0.50
1.00
0.25
0.50
1.00
0.25
0.50
1.00
0.25
0.50
1.00
0.25
0.50
1.00
0.25
0.50
1.00
0.25
0.50
1.00
0.25
0.50
1.00
0.25
0.50
1.00
0.5050154
0.5423124
0.6241727
0.6012436
0.5997533
0.6097945
0.6040596
0.5954985
0.5969065
0.5423022
0.6241727
0.6112539
0.5997636
0.6127030
0.5954265
0.5653546
0.5653546
0.5653546
0.6198664
0.6141316
0.6040802
0.6055190
0.5882734
0.5868345
0.6012127
0.6012127
0.6012127
0.00000000
0.07675989
0.24630219
0.20065015
0.19794411
0.21829254
0.20712568
0.19036824
0.19319265
0.07681261
0.24626931
0.22067785
0.19805157
0.22430688
0.19015549
0.12997359
0.12997359
0.12997359
0.23695537
0.22623163
0.20635911
0.21011569
0.17588421
0.17302454
0.20035020
0.20035020
0.20035020
0.001942079
0.009906164
0.047208307
0.044361852
0.032423297
0.034769297
0.041740160
0.042148819
0.031983657
0.014591433
0.045249025
0.042619169
0.031010185
0.040874751
0.028645687
0.027456307
0.027456307
0.027456307
0.044923570
0.050784749
0.029948258
0.039322047
0.031619962
0.032891596
0.027319592
0.027319592
0.027319592
0.00000000
0.01898008
0.09548302
0.08963684
0.06505168
0.06970616
0.08366934
0.08438920
0.06394710
0.02809307
0.09161398
0.08602475
0.06214318
0.08215860
0.05718190
0.05557607
0.05557607
0.05557607
0.09082246
0.10258544
0.06061788
0.07908261
0.06320987
0.06570310
0.05565674
0.05565674
0.05565674
0.25
0.50
1.00
0.6341624
0.6355396
0.6455087
0.2663627
0.2696249
0.2898871
0.01777707
0.02629556
0.04523045
0.03716481
0.05206370
0.09021213
0.25
0.50
1.00
0.6399075
0.6341829
0.6212950
0.2780849
0.2670626
0.2415881
0.02981508
0.03581683
0.03594307
0.05912086
0.07210991
0.07212714
0.25
0.25
0.25
0.50
0.50
0.50
1.00
1.00
1.00
1
2
3
1
2
3
1
2
3
0.6111922
0.4949846
0.4949846
0.6212641
0.4906989
0.4949846
0.6298458
0.5523330
0.5107400
 0.220282819
 0.000000000
 0.000000000
 0.240828017
-0.008951062
 0.000000000
 0.258044806
 0.109666230
 0.028987782
0.057096354
0.001942079
0.001942079
0.052218188
0.014896870
0.001942079
0.046814618
0.039691427
0.031434177
0.11379973
0.00000000
0.00000000
0.10455750
0.02815238
0.00000000
0.09371613
0.07927140
0.06317378
0.5954573
0.1901575
0.03429859
0.06909829
 2
22
43
0.6470709
0.6240596
0.6024666
0.2902544
0.2467300
0.2041134
0.04215770
0.05123781
0.04676797
0.08521510
0.10286651
0.09359328
