  2
113
225
0.6014711
0.6280527
0.6284095
0.1819388
0.2529200
0.2536359
0.004878585
0.006067082
0.006146172
0.009793446
0.011807182
0.012105478
0.10
0.10
0.10
0.55
0.55
0.55
1.00
1.00
1.00
0.0002429633
0.0024296333
0.0242963329
0.0002429633
0.0024296333
0.0242963329
0.0002429633
0.0024296333
0.0242963329
0.6183481
0.6206843
0.6302079
0.6181685
0.6248160
0.6280567
0.6196067
0.6282313
0.6223102
0.2333711
0.2375222
0.2548124
0.2328644
0.2454804
0.2469525
0.2356451
0.2517954
0.2331417
0.014081053
0.015655787
0.006575496
0.013766246
0.011699415
0.010173726
0.013719701
0.008188808
0.013123200
0.02797090
0.03112206
0.01428191
0.02721790
0.02318291
0.02080926
0.02747179
0.01700436
0.02599180
1
1
1
2
2
2
3
3
3
 50
100
150
 50
100
150
 50
100
150
0.6273323
0.6332585
0.6314607
0.6320016
0.6282290
0.6337953
0.6316422
0.6339768
0.6320008
0.2439669
0.2588259
0.2572083
0.2567555
0.2511801
0.2621811
0.2577196
0.2628498
0.2590040
0.010235328
0.009231393
0.013758608
0.008764839
0.010657014
0.013254739
0.008659354
0.011699728
0.012877225
0.02168778
0.01797456
0.02676539
0.01712854
0.02074614
0.02503211
0.01796813
0.02291741
0.02580453
  2
152
302
0.6018315
0.6253598
0.6302074
0.1750850
0.2479511
0.2575649
0.003994177
0.006084552
0.006795758
0.007760482
0.013172922
0.012637251
0.10
0.10
0.10
0.55
0.55
0.55
1.00
1.00
1.00
0.0002429633
0.0024296333
0.0242963329
0.0002429633
0.0024296333
0.0242963329
0.0002429633
0.0024296333
0.0242963329
0.6064995
0.6088328
0.6219428
0.6075770
0.6129611
0.6282347
0.6084747
0.6201470
0.6232064
0.2091947
0.2136594
0.2388676
0.2112940
0.2214789
0.2475340
0.2130419
0.2357444
0.2351012
0.016242188
0.019093921
0.011331229
0.016151998
0.013865130
0.010568966
0.017607468
0.009980342
0.015558944
0.03244073
0.03826470
0.02167189
0.03220916
0.02743311
0.02029401
0.03530051
0.01900470
0.03129323
1
1
1
2
2
2
3
3
3
 50
100
150
 50
100
150
 50
100
150
0.6291299
0.6334369
0.6334354
0.6298461
0.6249966
0.6266122
0.6336171
0.6345133
0.6294865
0.2473974
0.2601156
0.2606366
0.2524885
0.2443409
0.2484049
0.2618668
0.2639764
0.2543479
0.006568318
0.012762294
0.015401602
0.009638617
0.010598076
0.014808338
0.012952148
0.016992403
0.018685621
0.01311449
0.02583976
0.02994991
0.01840747
0.01994511
0.02881125
0.02551413
0.03378517
0.03688047
0.5813661
0.160455
0.0452982
0.1014849
1
1
1
1
1
1
1
1
1
2
2
2
2
2
2
2
2
2
3
3
3
3
3
3
3
3
3
0.001
0.001
0.001
0.010
0.010
0.010
0.100
0.100
0.100
0.001
0.001
0.001
0.010
0.010
0.010
0.100
0.100
0.100
0.001
0.001
0.001
0.010
0.010
0.010
0.100
0.100
0.100
0.25
0.50
1.00
0.25
0.50
1.00
0.25
0.50
1.00
0.25
0.50
1.00
0.25
0.50
1.00
0.25
0.50
1.00
0.25
0.50
1.00
0.25
0.50
1.00
0.25
0.50
1.00
0.5299929
0.5718417
0.6070407
0.6251832
0.6251840
0.6180006
0.6117164
0.6106405
0.6104560
0.5810011
0.5849505
0.5865649
0.5711261
0.5741788
0.5754398
0.5465193
0.5474226
0.5466982
0.5506414
0.5508294
0.5571224
0.5547741
0.5533393
0.5589082
0.5332248
0.5355610
0.5380759
0.00000000
0.10356777
0.18989764
0.23749802
0.24520226
0.23095878
0.21347463
0.22612251
0.22460501
0.17368056
0.17832454
0.17988085
0.15640260
0.16271279
0.16503819
0.11264062
0.11683388
0.11795362
0.12079917
0.11398589
0.12760294
0.12549804
0.12005581
0.13410839
0.09518208
0.09901394
0.10123241
0.0003790253
0.0078656041
0.0090824632
0.0125459339
0.0143444334
0.0192093728
0.0179449002
0.0233619466
0.0097986792
0.0161732727
0.0142681490
0.0051463228
0.0151882953
0.0146209087
0.0256245329
0.0200197455
0.0233886847
0.0102701572
0.0276984568
0.0283707247
0.0277549750
0.0134142629
0.0149854729
0.0245050312
0.0189884081
0.0030108444
0.0041712507
0.000000000
0.016201338
0.018893222
0.025551867
0.029811400
0.037413346
0.042644262
0.047408403
0.020836343
0.027718135
0.022843946
0.014277611
0.026435907
0.028625194
0.046276556
0.039564346
0.044235245
0.020211759
0.042598198
0.052338342
0.042831207
0.021076210
0.022903460
0.046214999
0.036053507
0.007162062
0.003670777
0.25
0.50
1.00
0.5215429
0.5154365
0.5102326
0.009596816
0.011683540
0.006356228
0.02140330
0.02077568
0.01620438
0.03982100
0.04099130
0.03349706
0.25
0.50
1.00
0.5452519
0.5420175
0.5387845
0.04602972
0.04425859
0.04165226
0.04794021
0.05346119
0.05096350
0.1101246
0.1220345
0.1176044
0.25
0.25
0.25
0.50
0.50
0.50
1.00
1.00
1.00
1
2
3
1
2
3
1
2
3
0.5572856
0.5298132
0.5299929
0.5560303
0.5316087
0.5294536
0.5558542
0.5461591
0.5362788
 0.0879217459
-0.0001288093
 0.0000000000
 0.0986982116
 0.0047835000
-0.0008934711
 0.1024726193
 0.0420318413
 0.0170050736
0.0558497155
0.0009820386
0.0002080886
0.0591181545
0.0047435328
0.0021844863
0.0601440869
0.0272039988
0.0116095292
0.121978211
0.001831851
0.000000000
0.123762352
0.010086309
0.004379386
0.125263552
0.062897367
0.027926081
0.6005697
0.1986344
0.01642033
0.03261095
 2
10
18
0.5704022
0.6267955
0.6282333
0.1739077
0.2445771
0.2495372
0.005918022
0.010010898
0.014676466
0.01036717
0.01948400
0.02825691
